Matlab robotics toolbox to get the euler angle (Z-Y-X)

>> tr2rpy(corA,'zyx')[right ros]

ans =

    2.2734    0.8318   -0.7071

>> tr2rpy(corB,'zyx')[left ros]

ans =

    0.8490    0.8512    0.7227

corA translation: -0.0803,0.8966,0.2948

corB translation: 0.0871,0.9011, 0.2981
